camera_matrix:
- - 1550.3332488977208
  - 0.0
  - 972.3858739632572
- - 0.0
  - 1547.1331259008575
  - 582.6627321574562
- - 0.0
  - 0.0
  - 1.0
dist_coeff:
- - 0.4077291192903725
  - -2.349754044511225
  - 0.0009740588980284873
  - 0.009942747883613925
  - 3.7938903574800977
